 1234567891 11 31 5
61 81 02 22 42 62 82 0
13 33 53 73 94 14 34 5
64 84 05 25 45 65 85 0
16 36 56 76 97 17 37 5
67 87 08 28 48 68 88 0
19 39 59 79 91011
 1234567891 11 31 5
61 81 02 22 42 62 82 0
13 33 53 73 94 14 34 5
64 84 05 25 45 65 85 0
16 36 56 76 97 17 37 5
67 87 08 28 48 68 88 0
19 39 59 79 91011
 1234567891 11 31 5
61 81 02 22 42 62 82 0
13 33 53 73 94 14 34 5
64 84 05 25 45 65 85 0
16 36 56 76 97 17 37 5
67 87 08 28 48 68 88 0
19 39 59 79 91011
 1234567891 11 31 5
61 81 02 22 42 62 82 0
13 33 53 73 94 14 34 5
64 84 05 25 45 65 85 0
16 36 56 76 97 17 37 5
67 87 08 28 48 68 88 0
19 39 59 79 91011
 1234567891 11 31 5
61 81 02 22 42 62 82 0
13 33 53 73 94 14 34 5
64 84 05 25 45 65 85 0
16 36 56 76 97 17 37 5
67 87 08 28 48 68 88 0
19 39 59 79 91011
